
 ======================
run data = 20220725-1500-
learning rate = 0.001
epochs = 300
samples_type = ratio
train ratio = 0.01
val ratio = 0.01
train num = 10
val num = 0
train time = 15.953310012817383
test time = 0.34859156608581543
              precision    recall  f1-score   support

           1     0.7500    0.9545    0.8400        44
           2     0.9098    0.8877    0.8986      1398
           3     0.9601    0.8879    0.9226       812
           4     0.8105    1.0000    0.8953       231
           5     0.8718    0.8774    0.8746       473
           6     0.9914    0.9706    0.9809       714
           7     0.4127    1.0000    0.5843        26
           8     1.0000    1.0000    1.0000       468
           9     1.0000    1.0000    1.0000        18
          10     0.9385    0.8330    0.8826       952
          11     0.9041    0.9647    0.9334      2405
          12     0.9809    0.8830    0.9293       581
          13     1.0000    0.9749    0.9873       199
          14     0.9050    1.0000    0.9502      1239
          15     0.9768    0.6693    0.7943       378
          16     0.9785    1.0000    0.9891        91

    accuracy                         0.9231     10029
   macro avg     0.8994    0.9314    0.9039     10029
weighted avg     0.9278    0.9231    0.9227     10029
kappa = 0.9120622766695072
